-31
76
-60
50
49
94
25
-93
40
63
-38
56
-64
100
71
-4
-93
17
-25
-74
-48
-8
63
-49
92
-85
-39
56
66
17
-57
62
-24
3
87
-6
59
9
68
-21
20
-52
-92
-23
-85
43
52
-27
-94
-48
-38
77
-80
95
28
59
75
82
35
59
31
90
-46
4
-8
82
-35
37
-19
-11
59
15
97
66
59
32
80
-73
-6
8
84
7
-71
-77
-72
44
90
59
-38
59
-10
59
-16
35
-94
16
76
-34
44
-23
23
86
-85
-76
71
-55
95
55
63
-4
32
74
-77
-26
-63
-81
82
63
-1
-57
96
42
59
-82
32
-49
10
83
53
26
55
75
32
-76
-40
-56
-37
96
15
-6
69
5
27
65
10
16
-70
59
45
-69
41
-32
53
-21
67
-41
42
51
59
-100
66
-35
73
79
18
-17
-70
51
-14
30
-66
-6
94
79
35
-68
70
82
84
72
29
77
-56
-45
-67
-91
33
1
-71
29
40
18
87
-33
-60
4
52
43
87
74
23
-95
94
-12
-44
63
36
-73
13
-70
-44
61
-13
58
-6
80
64
0
54
-61
-13
-46
-20
43
-100
-70
30
27
47
-54
-1
-33
-9
17
98
54
99
28
14
38
50
-44
-46
79
25
-57
66
-28
-66
92
11
-35
90
32
-61
83
98
-51
36
-16
-50
-62
-68
100
-63
-29
-45
52
-10
-11
50
-82
87
33
-73
6
38
76
-98
1
-77
89
-56
-59
27
46
-99
86
-90
-41
74
-5
46
39
-89
40
98
-11
-33
17
-28
51
94
-31
3
-10
-8
-96
31
-66
-42
-36
-76
-99
83
90
-77
73
95
-58
-19
-28
26
30
8
58
-59
16
-89
41
96
84
-11
45
69
97
61
61
61
38
55
-7
-44
49
48
49
-81
7
-13
-41
-2
-91
38
55
-92
-61
84
38
-52
-70
91
-12
-25
-29
-44
50
5
20
48
20
-15
80
-78
70
-63
-71
36
-96
55
34
14
-73
-94
-6
67
11
-69
78
-21
44
40
12
-70
-6
-8
41
18
-18
-25
52
-87
12
-72
-6
71
93
36
87
3
-6
34
-35
36
-12
-80
94
-64
-61
-61
78
-41
10
-9
-55
4
52
-94
81
85
-1
-83
88
-8
92
95
-63
-86
-97
-58
25
-93
-73
-44
43
9
-100
-56
-55
-39
-71
-39
6
-71
-55
-85
22
39
-53
-60
31
-61
2
-15
-69
-52
-21
-30
-34
-56
-18
-9
26
47
-54
28
10
-99
-37
-70
35
35
1
34
-54
-69
29
-46
16
-50
-63
-74
35
19
-19
-54
26
-1
-45
-91
-100
78
-70
-87
-9
-58
80
31
0
66
-69
-70
-10
-74
32
71
48
-65
-65
-36
48
44
2
-22
85
38
-71
2
-23
-30
-100
-16
67
-4
-36
84
57
11
-63
-8
59
-84
-60
-37
8
10
-35
-43
-12
7
28
-10
71
55
40
78
66
41
52
-1
-41
25
51
-52
-45
-44
-21
-18
14
11
-10
36
51
67
-34
81
-95
-85
-55
53
23
98
-78
75
-9
-40
-81
98
87
-3
71
77
-65
-37
2
85
12
69
-11
-16
30
-84
7
34
37
-29
-51
35
24
39
-94
-77
-71
60
-40
-53
19
69
-98
81
63
35
-43
-5
-14
-91
77
-63
72
-2
-38
4
-5
54
11
12
29
-7
-59
-31
0
-83
-13
-23
-7
-82
58
-52
51
-41
23
-32
-21
-50
-92
36
-35
54
-75
59
12
-60
77
-87
-61
-93
19
-55
-47
35
-78
-69
23
-50
38
-50
95
-81
2
-21
10
-30
99
-9
-34
55
56
-27
13
52
88
-26
17
64
74
55
-90
56
0
64
-65
65
64
-15
32
-71
52
9
81
-77
90
-11
20
88
-36
-86
65
75
-84
-88
-33
-96
-99
39
-22
-76
-6
65
-21
4
-19
85
-7
-49
21
69
13
90
41
-87
-90
-93
48
22
-68
-21
-77
-34
18
-62
-87
-24
35
-29
-48
75
63
-3
25
71
87
-81
30
-6
96
-82
-58
71
-77
-21
-43
-68
-55
4
-8
48
-70
27
46
-15
-21
-91
44
85
18
27
-95
93
62
17
10
83
-88
81
-23
69
57
70
-31
90
3
96
-40
50
-33
70
17
-93
35
-39
63
-30
-51
-100
41
-80
-14
52
-77
-4
-28
-8
-40
37
-45
19
-67
-41
89
4
-70
-92
13
-6
26
93
10
97
-41
2
-65
-5
-7
21
61
-15
-31
-63
27
-26
-33
-32
74
62
88
-24
22
-68
77
97
-49
-61
9
-97
69
5
88
38
74
52
-34
-74
-47
36
15
-93
6
14
4
57
25
-82
65
21
-44
87
-96
8
60
3
17
-22
-25
63
-78
-62
-27
15
-97
91
17
-39
92
-16
47
-93
74
-42
75
-85
23
-96
-77
54
-70
-49
-36
-64
39
-55
-79
-27
88
70
-92
67
-86
-85
-33
-62
57
-33
-58
-24
44
8
68
89
81
69
-42
41
85
76
62
-23
-84
-92
81
-6
-34
-59
14
-27
-1
3
97
37
58
-65
67
10
34
-3
-99
0
30
80
11
-48
-35
-3
-62
-46
-52
-21
72
72
-62
6
46
47
89
9
-37
-62
62
-38
38
-4
-4
51
-29
-93
49
82
37
-79
8
68
-11
-3
-66
56
-42
-20
99
-42
-68
35
-23
-42
88
-90
-86
34
52
24
-84
-34
90
56
80
-10
11
-36
99
-4
-4
5
-35
79
-36
-61
86
-74
-24
-57
-35
-2
-37
23
-6
70
3
11
-74
61
82
40
6
-24
62
-14
-33
-51
32
-31
15
65
-16
43
37
90
67
16
-90
-59
95
63
-59
24
58
21
-85
-89
41
86
37
-44
-46
-45
41
-93
-29
22
-52
-46
-77
-31
12
-66
32
60
-90
-93
66
-32
-34
-77
18
35
-10
-79
-81
-85
14
59
40
62
84
29
-97
-91
30
-4
-80
54
-45
4
60
-87
71
23
-41
59
48
11
46
18
94
-85
-15
-48
-51
27
80
-85
52
65
-93
-41
80
100
52
99
42
-13
75
67
-99
55
26
-64
-58
62
-84
-80
-65
-26
42
38
-54
24
98
43
-51
99
5
13
-8
99
-84
84
87
-51
-43
1
-46
-64
-4
-65
-58
24
-37
-74
15
11
49
-39
-89
95
-60
-50
97
28
67
-19
28
-12
-56
-50
-29
-44
-99
-85
-74
-46
46
35
-100
43
-20
0
-88
31
-2
-4
-1
27
-86
67
-60
-41
42
-95
5
11
-11
96
-6
11
45
-84
86
64
-64
-10
-37
-71
-27
-99
64
-71
-46
-47
72
-46
-93
-15
94
72
-4
-60
-3
-70
74
55
16
55
40
96
-63
-11
41
57
62
-33
-85
92
79
29
-87
57
-23
37
-1
-12
-54
-67
0
-3
-13
-68
51
86
42
-8
-27
77
-38
-75
72
56
-78
69
63
51
-96
70
8
68
77
-28
12
-13
74
-84
-15
-58
7
-64
-54
74
-56
13
-98
15
57
35
-10
-11
29
70
35
-9
93
-4
-51
51
-4
88
-74
-89
-54
64
-77
28
-2
-95
86
-16
31
-11
-34
62
81
37
-17
-32
-30
-9
-12
-1
-96
21
-77
3
43
59
-76
-86
69
58
79
88
56
-73
54
93
94
44
87
47
61
-54
-59
-10
-84
-22
-10
99
-18
-71
99
-42
-81
15
-3
-58
-35
59
72
-46
70
-49
-8
70
88
52
-3
-40
-94
1
-56
11
-33
1
79
-16
43
-74
38
-92
-42
-71
-16
-49
-76
-44
-35
18
-21
59
78
-5
6
4
79
20
67
60
63
-38
-32
-25
-6
-61
71
49
-73
-8
99
30
85
67
76
-2
-99
-58
31
73
8
86
96
12
-91
-23
54
35
22
0
-92
10
20
-50
34
72
-67
59
83
18
-33
-34
26
-56
-92
92
60
-88
-94
-34
-56
86
96
-47
77
100
-89
21
-63
78
91
33
-75
-84
-81
12
-50
75
74
84
-11
95
-32
60
-7
-44
95
-13
84
30
45
97
41
82
-91
-86
-51
98
-34
11
93
33
83
26
-18
37
50
-3
33
-86
-33
-85
-94
5
32
77
3
86
-36
52
13
46
-67
98
-76
-22
50
-72
73
87
65
78
97
-34
-76
-16
38
-27
-91
-79
68
77
-91
-76
-9
-50
4
73
-14
25
-93
-20
9
-38
-4
-75
-65
36
91
69
-43
39
-99
-64
48
-9
-53
-25
-20
-19
37
-92
14
33
68
-87
-87
64
-96
-18
-84
4
3
-41
66
99
67
72
-34
-93
23
97
84
47
74
-24
59
-79
-10
-73
-9
58
73
21
5
77
-78
-36
21
-20
93
63
96
-50
91
-100
-31
-74
38
62
76
-84
8
78
-63
-94
-32
-63
-84
-51
-24
-100
-55
4
-54
42
-44
-61
-99
-82
59
84
-18
-50
-27
72
-86
-77
-85
-34
-57
-72
80
-5
-46
76
100
27
-14
54
22
-15
28
-70
40
22
56
72
-26
-59
73
74
44
4
94
-62
8
-96
-21
-63
4
63
62
25
-40
24
-93
11
-27
-45
-49
-99
-71
13
-42
-6
-42
76
87
26
93
-79
-40
26
-83
-28
-88
14
77
-74
-91
24
12
32
-66
70
8
35
85
-69
53
-81
0
38
1
71
33
31
-50
-96
-48
2
33
3
-92
51
9
53
16
-29
-32
-86
-36
79
-5
-49
-63
11
78
7
-11
18
74
-52
81
26
89
-43
-36
-75
-68
-70
-29
-29
-44
-38
-94
-53
80
61
82
-74
-14
9
-71
-13
53
-5
66
14
-44
21
-11
16
-15
-98
100
-20
88
-13
90
7
2
69
-69
-59
0
98
-30
-30
83
84
22
-56
-28
-68
12
-6
-85
32
-24
-75
-13
-62
-18
-69
61
93
-82
-78
83
1
39
26
42
-16
45
53
-71
-4
60
12
99
29
53
-25
68
-95
44
30
-57
-40
23
-49
78
-70
44
23
68
-84
-39
-98
15
-21
39
69
10
91
-54
83
31
-72
-48
34
-64
66
-24
-2
41
72
-45
75
68
-89
-16
79
-56
-43
-53
36
-21
94
84
-88
53
-73
-29
-47
34
54
-23
-30
-76
-38
-26
5
-70
-47
-94
-9
38
-66
-13
-61
90
20
-40
-20
-17
98
90
6
85
52
-37
16
-35
39
-19
-7
44
23
-50
3
59
-48
-73
99
1
-59
15
-8
41
100
-41
43
15
-18
-73
-85
22
-75
81
-68
25
66
56
77
21
-9
-33
88
94
43
37
-19
16
-72
-85
19
-6
27
62
-31
29
-4
79
-39
22
98
-45
-6
65
-11
-30
-3
33
88
-55
